1:2,3,4,5,6,7
2:1,3,7,8,9,10
3:1,2,4,675
4:1,3,5
5:1,4,6,70,632,819
6:1,5,7
7:1,2,6,8,389,706
8:2,7
9:2,10
10:2,9
20:301,494,854
31:672,992,1000
44:222,384,442,754
54:300,450
62:204,743,942
93:563,938,946
94:216,672,877
102:524,569
142:182,520
153:170,218
170:153,182,216,748
182:142,170,204,501,907,960
183:83,452,524,968
204:62,182,300,842
218:153,900,927
222:44,966,989
300:54,157,204,829
308:140,524,966
326:343,632,830,842,954
384:44
414:504,675
450:20,54,713
501:14,182,537
504:414,886,938
524:102,183,308,962
563:93,503,713
568:77,577,598,702,925
569:102,151,525,772
577:113,260,568,763,846
612:459,703,743
632:5,38,174,265,326
672:31,94,284
675:3,414,870
702:477,568,583,706,885
703:134,612,622,876,877
706:7,98,702
713:450,563,730
743:42,62,189,411,612,647
745:241,452,885
772:569,636,665,820,1000
822:145
842:204,326,580,917
846:91,151,442,544,577,815
870:675
877:47,94,346,703
907:182,305,437,451,617
927:218
938:93,504,520
960:182,255
966:222,308,617
1000:31,772
